%YAML:1.0
---
type: IMU
name: ch110
Gyr:
   unit: " rad/s"
   avg-axis:
      gyr_n: 8.9535767074386903e-04
      gyr_w: 9.3807800413342798e-06
   x-axis:
      gyr_n: 1.1597375607539030e-03
      gyr_w: 1.0350160123212679e-05
   y-axis:
      gyr_n: 7.9444106627758325e-04
      gyr_w: 9.7241024687047626e-06
   z-axis:
      gyr_n: 7.3189438520012068e-04
      gyr_w: 8.0680775320853980e-06
Acc:
   unit: " m/s^2"
   avg-axis:
      acc_n: 1.5114735223678960e-02
      acc_w: 3.5896225040872804e-04
   x-axis:
      acc_n: 1.3415063478674723e-02
      acc_w: 2.9496285485056367e-04
   y-axis:
      acc_n: 1.3694499237241366e-02
      acc_w: 2.3729326537624698e-04
   z-axis:
      acc_n: 1.8234642955120794e-02
      acc_w: 5.4463063099937335e-04
